0.8662030696868896,50,10,196.0,0.01,1,1 
0.8775601387023926,50,10,196.0,0.01,1,1 
0.9433960914611816,50,10,195.99999999999997,0.01,1,1 
6.807234048843384,50,100,196.0,0.1,1,1 
10.930908918380737,50,100,196.0,0.1,1,1 
2.4061179161071777,50,20,196.0,0.1,1,1 
5.149502277374268,50,10,196.0,0.1,1,1 
0.32212114334106445,10,10,36.0,0.1,1,1 
0.25409412384033203,10,10,135.99999999999997,0.1,1,1 
3.2668449878692627,10,100,135.99999999999997,0.1,1,1 
0.5787897109985352,10,100,135.99999999999997,0.1,1,1 
1.3957209587097168,10,100,135.99999999999997,0.1,1,1 
0.36034297943115234,10,100,135.99999999999997,0.1,1,1 
0.3041117191314697,10,100,135.99999999999997,0.1,1,1 
0.3031189441680908,10,100,36.0,0.1,1,1 
7.230364799499512,50,100,2500.0,0.1,1,1 
7.5358569622039795,50,100,25.0,0.1,1,1 
0.7354037761688232,50,10,25.0,0.1,60,1 
2.5509490966796875,50,10,25.0,0.1,60,1 
7.446619033813477,50,100,1.96,0.1,60,1 
6.843024969100952,50,100,196.0,0.1,60,1 
0.7176239490509033,50,10,196.0,0.1,60,1 
0.7249729633331299,50,10,196.0,0.1,60,1 
0.7624711990356445,50,10,196.0,0.1,60,1 
6.979538917541504,50,100,196.0,0.1,60,1 
7.247015953063965,50,100,25.0,0.1,60,1 
7.867974758148193,50,100,25.0,0.1,60,1 
6.935112237930298,50,100,1.96,0.1,60,1 
6.8560380935668945,50,100,1.96,0.1,60,1 
6.35952615737915,50,100,251.96000000000004,0.1,60,1 
7.319385051727295,50,100,1.96,0.1,60,1 
6.842468976974487,50,100,196.0,0.1,60,1 
7.107223033905029,50,100,0.0,0.1,60,1 
6.9147419929504395,50,100,0.0,0.1,60,1 
6.3453779220581055,50,100,2500.0,0.1,60,1 
7.057382106781006,50,100,25.0,0.1,60,1 
6.910484790802002,50,100,50.0,0.1,60,1 
6.782450199127197,50,100,50.0,0.1,60,1 
0.005602121353149414,2,5,4.04,0.01,1,1 
0.008304834365844727,2,20,4.24,0.01,1,1 
0.016538143157958984,2,60,5.040000000000001,0.01,1,1 
0.003928184509277344,2,5,7.440000000000003,0.01,60,1 
0.006845951080322266,2,20,7.640000000000003,0.01,60,1 
0.018830060958862305,2,60,8.439999999999994,0.01,60,1 
0.004385709762573242,2,5,10.839999999999943,0.01,3600,1 
0.006368875503540039,2,20,11.039999999999939,0.01,3600,1 
0.012536048889160156,2,60,11.839999999999922,0.01,3600,1 
0.0035071372985839844,2,5,14.23999999999987,0.1,1,1 
0.006500720977783203,2,20,14.439999999999866,0.1,1,1 
0.012284994125366211,2,60,15.23999999999985,0.1,1,1 
0.0038721561431884766,2,5,17.639999999999798,0.1,60,1 
0.004958152770996094,2,20,17.839999999999794,0.1,60,1 
0.00987100601196289,2,60,18.639999999999777,0.1,60,1 
0.003595113754272461,2,5,21.039999999999726,0.1,3600,1 
0.00556182861328125,2,20,21.23999999999972,0.1,3600,1 
0.01638507843017578,2,60,22.039999999999704,0.1,3600,1 
0.004225969314575195,2,5,24.439999999999653,1,1,1 
0.005812168121337891,2,20,24.63999999999965,1,1,1 
0.012849092483520508,2,60,25.439999999999632,1,1,1 
0.0029430389404296875,2,5,27.83999999999958,1,60,1 
0.006905794143676758,2,20,28.039999999999576,1,60,1 
0.012962818145751953,2,60,28.83999999999956,1,60,1 
0.003802061080932617,2,5,31.239999999999508,1,3600,1 
0.006604194641113281,2,20,31.439999999999504,1,3600,1 
0.014933109283447266,2,60,32.23999999999949,1,3600,1 
0.0029680728912353516,2,5,4.04,0.01,1,1 
0.0051991939544677734,2,20,4.24,0.01,1,1 
0.013174057006835938,2,60,5.040000000000001,0.01,1,1 
0.004082202911376953,2,5,7.440000000000003,0.01,60,1 
0.004964113235473633,2,20,7.640000000000003,0.01,60,1 
0.012896060943603516,2,60,8.439999999999994,0.01,60,1 
0.0031120777130126953,2,5,10.839999999999943,0.01,3600,1 
0.00783681869506836,2,20,11.039999999999939,0.01,3600,1 
0.011646270751953125,2,60,11.839999999999922,0.01,3600,1 
0.004136800765991211,2,5,14.23999999999987,0.1,1,1 
0.006735801696777344,2,20,14.439999999999866,0.1,1,1 
0.012858152389526367,2,60,15.23999999999985,0.1,1,1 
0.0027348995208740234,2,5,17.639999999999798,0.1,60,1 
0.0046427249908447266,2,20,17.839999999999794,0.1,60,1 
0.014823198318481445,2,60,18.639999999999777,0.1,60,1 
0.0034160614013671875,2,5,21.039999999999726,0.1,3600,1 
0.005304098129272461,2,20,21.23999999999972,0.1,3600,1 
0.01211690902709961,2,60,22.039999999999704,0.1,3600,1 
0.003972053527832031,2,5,24.439999999999653,1,1,1 
0.004760026931762695,2,20,24.63999999999965,1,1,1 
0.01217794418334961,2,60,25.439999999999632,1,1,1 
0.004503965377807617,2,5,27.83999999999958,1,60,1 
0.007564067840576172,2,20,28.039999999999576,1,60,1 
0.01650404930114746,2,60,28.83999999999956,1,60,1 
0.003975868225097656,2,5,31.239999999999508,1,3600,1 
0.009343147277832031,2,20,31.439999999999504,1,3600,1 
0.01717209815979004,2,60,32.23999999999949,1,3600,1 
0.9920780658721924,20,100,8.0,0.1,60,1 
0.006014108657836914,2,5,4.0,0.01,1,1 
0.011095046997070312,2,20,4.0,0.01,1,1 
0.019668102264404297,2,60,4.0,0.01,1,1 
0.004313945770263672,2,5,4.0,0.01,60,1 
0.0071790218353271484,2,20,4.0,0.01,60,1 
0.01608109474182129,2,60,4.0,0.01,60,1 
0.004097938537597656,2,5,4.0,0.01,3600,1 
0.0068438053131103516,2,20,4.0,0.01,3600,1 
0.01670694351196289,2,60,4.0,0.01,3600,1 
0.005057096481323242,2,5,4.0,0.1,1,1 
0.0068929195404052734,2,20,4.0,0.1,1,1 
0.015418052673339844,2,60,4.0,0.1,1,1 
0.004749774932861328,2,5,4.0,0.1,60,1 
0.0064849853515625,2,20,4.0,0.1,60,1 
0.012016057968139648,2,60,4.0,0.1,60,1 
0.004467010498046875,2,5,4.0,0.1,3600,1 
0.00767207145690918,2,20,4.0,0.1,3600,1 
0.011927127838134766,2,60,4.0,0.1,3600,1 
0.007212638854980469,2,5,4.0,1,1,1 
0.01214289665222168,2,20,4.0,1,1,1 
0.018280982971191406,2,60,4.0,1,1,1 
0.006499052047729492,2,5,4.0,1,60,1 
0.009640932083129883,2,20,4.0,1,60,1 
0.020648956298828125,2,60,4.0,1,60,1 
0.007049083709716797,2,5,4.0,1,3600,1 
0.007338047027587891,2,20,4.0,1,3600,1 
0.01788783073425293,2,60,4.0,1,3600,1 
0.020453929901123047,10,5,36.0,0.01,1,1 
0.07088375091552734,10,20,35.99999999999999,0.01,1,1 
0.2007460594177246,10,60,36.000000000000014,0.01,1,1 
0.019017934799194336,10,5,36.0,0.01,60,1 
0.06378793716430664,10,20,36.00000000000001,0.01,60,1 
0.19326090812683105,10,60,36.00000000000001,0.01,60,1 
0.01933002471923828,10,5,36.000000000000014,0.01,3600,1 
0.0665900707244873,10,20,36.00000000000001,0.01,3600,1 
0.2007298469543457,10,60,36.0,0.01,3600,1 
0.018709182739257812,10,5,36.00000000000001,0.1,1,1 
0.06683802604675293,10,20,36.0,0.1,1,1 
0.19382786750793457,10,60,35.99999999999999,0.1,1,1 
0.020666837692260742,10,5,35.999999999999964,0.1,60,1 
0.07354998588562012,10,20,35.999999999999964,0.1,60,1 
0.19923186302185059,10,60,35.99999999999992,0.1,60,1 
0.018940210342407227,10,5,35.99999999999991,0.1,3600,1 
0.0677032470703125,10,20,35.99999999999992,0.1,3600,1 
0.20205283164978027,10,60,35.999999999999915,0.1,3600,1 
0.0175631046295166,10,5,35.999999999999915,1,1,1 
0.07403302192687988,10,20,35.999999999999915,1,1,1 
0.20210719108581543,10,60,35.9999999999999,1,1,1 
0.0186159610748291,10,5,35.99999999999988,1,60,1 
0.12560391426086426,10,20,35.99999999999988,1,60,1 
0.21093511581420898,10,60,35.99999999999989,1,60,1 
0.02007293701171875,10,5,35.99999999999989,1,3600,1 
0.07523989677429199,10,20,35.9999999999999,1,3600,1 
0.19337010383605957,10,60,35.99999999999989,1,3600,1 
0.18743515014648438,10,60,36.0,0.01,1,1 
0.18451595306396484,10,60,36.00000000000002,0.01,60,1 
0.2013380527496338,10,60,36.00000000000001,0.01,3600,1 
0.20051312446594238,10,60,35.99999999999999,0.1,1,1 
0.1927809715270996,10,60,36.00000000000001,0.1,60,1 
0.19505715370178223,10,60,35.99999999999997,0.1,3600,1 
0.1969287395477295,10,60,35.99999999999997,1,1,1 
0.19749999046325684,10,60,35.999999999999915,1,60,1 
0.23686671257019043,10,60,35.999999999999986,1,3600,1 
0.18992090225219727,10,60,36.0,0.001,1,1 
0.18292474746704102,10,60,36.000000000000014,0.001,60,1 
0.2078263759613037,10,60,36.000000000000014,0.001,3600,1 
0.1936960220336914,10,60,36.0,0.01,1,1 
0.18707895278930664,10,60,36.000000000000014,0.01,60,1 
0.18541407585144043,10,60,35.999999999999986,0.01,3600,1 
0.1876988410949707,10,60,35.99999999999999,0.1,1,1 
0.1857132911682129,10,60,35.999999999999936,0.1,60,1 
0.1868128776550293,10,60,36.0,0.1,3600,1 
0.19179296493530273,10,60,36.0,1,1,1 
0.19418907165527344,10,60,35.99999999999998,1,60,1 
0.1914522647857666,10,60,35.99999999999996,1,3600,1 
0.2115929126739502,10,60,36.0,0.0001,1,1 
0.19573307037353516,10,60,36.00000000000001,0.0001,60,1 
0.21610784530639648,10,60,36.00000000000001,0.0001,3600,1 
0.21097683906555176,10,60,36.00000000000001,0.001,1,1 
0.19221019744873047,10,60,36.00000000000002,0.001,60,1 
0.20637989044189453,10,60,35.99999999999999,0.001,3600,1 
0.19037103652954102,10,60,36.0,0.01,1,1 
0.20339703559875488,10,60,35.99999999999995,0.01,60,1 
0.21809983253479004,10,60,36.000000000000014,0.01,3600,1 
0.24761199951171875,10,60,36.00000000000001,0.1,1,1 
0.18779206275939941,10,60,35.99999999999999,0.1,60,1 
0.1858658790588379,10,60,35.999999999999964,0.1,3600,1 
0.1924448013305664,10,60,35.99999999999994,1,1,1 
0.18605899810791016,10,60,35.99999999999994,1,60,1 
0.18756985664367676,10,60,35.9999999999999,1,3600,1 
0.1969759464263916,10,60,36.0,0.0001,1,1 
0.17965912818908691,10,60,36.000000000000014,0.0001,1,1 
0.19326090812683105,10,60,36.0,0.0001,1,1 
0.19505000114440918,10,60,36.00000000000001,0.0001,60,1 
0.20569229125976562,10,60,36.00000000000001,0.0001,60,1 
0.2443861961364746,10,60,36.00000000000001,0.0001,60,1 
0.20899701118469238,10,60,36.00000000000001,0.0001,3600,1 
0.21294212341308594,10,60,36.00000000000001,0.0001,3600,1 
0.20059895515441895,10,60,35.99999999999999,0.0001,3600,1 
0.19556903839111328,10,60,36.0,0.001,1,1 
0.21372604370117188,10,60,35.99999999999998,0.001,1,1 
0.2031550407409668,10,60,35.999999999999964,0.001,1,1 
0.20107078552246094,10,60,35.999999999999936,0.001,60,1 
0.18475794792175293,10,60,35.99999999999991,0.001,60,1 
0.21328997611999512,10,60,35.99999999999988,0.001,60,1 
0.2275090217590332,10,60,35.999999999999865,0.001,3600,1 
0.22417783737182617,10,60,35.99999999999987,0.001,3600,1 
0.1800696849822998,10,60,35.999999999999865,0.001,3600,1 
0.2361741065979004,10,60,35.99999999999988,0.01,1,1 
0.25328922271728516,10,60,35.99999999999987,0.01,1,1 
0.22207903861999512,10,60,35.999999999999865,0.01,1,1 
0.24633121490478516,10,60,35.999999999999865,0.01,60,1 
0.22052693367004395,10,60,35.99999999999983,0.01,60,1 
0.22811579704284668,10,60,35.9999999999998,0.01,60,1 
0.19786310195922852,10,60,35.99999999999977,0.01,3600,1 
0.19217896461486816,10,60,35.99999999999977,0.01,3600,1 
0.1929950714111328,10,60,35.99999999999976,0.01,3600,1 
0.19465017318725586,10,60,35.99999999999977,0.1,1,1 
0.23416399955749512,10,60,35.99999999999977,0.1,1,1 
0.20027518272399902,10,60,35.999999999999766,0.1,1,1 
0.19885897636413574,10,60,35.999999999999766,0.1,60,1 
0.20282697677612305,10,60,35.9999999999997,0.1,60,1 
0.19579291343688965,10,60,35.99999999999964,0.1,60,1 
0.24445414543151855,10,60,35.99999999999957,0.1,3600,1 
0.20389604568481445,10,60,35.9999999999996,0.1,3600,1 
0.192734956741333,10,60,35.99999999999964,0.1,3600,1 
0.2068800926208496,10,60,35.99999999999959,1,1,1 
0.22062206268310547,10,60,35.99999999999959,1,1,1 
0.2119128704071045,10,60,35.99999999999959,1,1,1 
0.21825098991394043,10,60,35.99999999999959,1,60,1 
0.21483087539672852,10,60,35.99999999999955,1,60,1 
0.20995569229125977,10,60,35.99999999999952,1,60,1 
0.21005606651306152,10,60,35.99999999999949,1,3600,1 
0.20651698112487793,10,60,35.99999999999943,1,3600,1 
0.19880318641662598,10,60,35.9999999999994,1,3600,1 
0.19599580764770508,10,60,36.0,0.0001,1,1 
0.19391798973083496,10,60,36.0,0.0001,1,1 
0.18639492988586426,10,60,36.0,0.0001,1,1 
0.1834259033203125,10,60,36.0,0.0001,60,1 
0.18473601341247559,10,60,36.0,0.0001,60,1 
0.18622398376464844,10,60,36.0,0.0001,60,1 
0.21730494499206543,10,60,36.0,0.0001,3600,1 
0.20989632606506348,10,60,36.0,0.0001,3600,1 
0.25742602348327637,10,60,36.0,0.0001,3600,1 
0.18895697593688965,10,60,36.0,0.001,1,1 
0.18839597702026367,10,60,36.0,0.001,1,1 
0.18345999717712402,10,60,36.0,0.001,1,1 
0.19049692153930664,10,60,36.0,0.001,60,1 
0.1884751319885254,10,60,36.0,0.001,60,1 
0.18889808654785156,10,60,36.0,0.001,60,1 
0.18917489051818848,10,60,36.0,0.001,3600,1 
0.18463468551635742,10,60,36.0,0.001,3600,1 
0.18903589248657227,10,60,36.0,0.001,3600,1 
0.18677306175231934,10,60,36.0,0.01,1,1 
0.267014741897583,10,60,36.0,0.01,1,1 
0.19191408157348633,10,60,36.0,0.01,1,1 
0.18674612045288086,10,60,36.0,0.01,60,1 
0.18647408485412598,10,60,36.0,0.01,60,1 
0.18861699104309082,10,60,36.0,0.01,60,1 
0.19063830375671387,10,60,36.0,0.01,3600,1 
0.1887660026550293,10,60,36.0,0.01,3600,1 
0.20699310302734375,10,60,36.0,0.01,3600,1 
0.1958611011505127,10,60,36.0,0.1,1,1 
0.19696784019470215,10,60,36.0,0.1,1,1 
0.26106905937194824,10,60,36.0,0.1,1,1 
0.2451317310333252,10,60,36.0,0.1,60,1 
0.2322711944580078,10,60,36.0,0.1,60,1 
0.2339167594909668,10,60,36.0,0.1,60,1 
0.2546579837799072,10,60,36.0,0.1,3600,1 
0.20467019081115723,10,60,36.0,0.1,3600,1 
0.21168804168701172,10,60,36.0,0.1,3600,1 
0.20417118072509766,10,60,36.00000000000001,1,1,1 
0.2771320343017578,10,60,36.00000000000001,1,1,1 
0.2052290439605713,10,60,36.00000000000001,1,1,1 
0.20980191230773926,10,60,36.00000000000001,1,60,1 
0.20609021186828613,10,60,36.00000000000001,1,60,1 
0.209197998046875,10,60,36.00000000000001,1,60,1 
0.20283913612365723,10,60,36.00000000000001,1,3600,1 
0.21813511848449707,10,60,36.00000000000001,1,3600,1 
0.20986199378967285,10,60,36.00000000000001,1,3600,1 
0.19728803634643555,10,60,36.0,0.0001,1,1 
0.19064688682556152,10,60,36.0,0.0001,1,1 
0.1896829605102539,10,60,36.0,0.0001,1,1 
0.1885089874267578,10,60,36.0,0.0001,60,1 
0.18081903457641602,10,60,36.0,0.0001,60,1 
0.18777704238891602,10,60,36.0,0.0001,60,1 
0.18770217895507812,10,60,36.0,0.0001,3600,1 
0.18098211288452148,10,60,36.0,0.0001,3600,1 
0.1845870018005371,10,60,36.0,0.0001,3600,1 
0.1857609748840332,10,60,36.0,0.001,1,1 
0.18912720680236816,10,60,36.0,0.001,1,1 
0.21954894065856934,10,60,36.0,0.001,1,1 
0.19725513458251953,10,60,36.0,0.001,60,1 
0.19470620155334473,10,60,36.0,0.001,60,1 
0.19688796997070312,10,60,36.0,0.001,60,1 
0.1960151195526123,10,60,36.0,0.001,3600,1 
0.20110726356506348,10,60,36.0,0.001,3600,1 
0.27294111251831055,10,60,36.0,0.001,3600,1 
0.20299601554870605,10,60,36.0,0.01,1,1 
0.1899721622467041,10,60,36.0,0.01,1,1 
0.18177008628845215,10,60,36.0,0.01,1,1 
0.19495487213134766,10,60,36.0,0.01,60,1 
0.19944095611572266,10,60,36.0,0.01,60,1 
0.1968398094177246,10,60,36.0,0.01,60,1 
0.18776917457580566,10,60,36.0,0.01,3600,1 
0.18328595161437988,10,60,36.0,0.01,3600,1 
0.1871788501739502,10,60,36.0,0.01,3600,1 
0.1888887882232666,10,60,36.0,0.1,1,1 
0.19164371490478516,10,60,36.0,0.1,1,1 
0.19993281364440918,10,60,36.0,0.1,1,1 
0.20637917518615723,10,60,36.0,0.1,60,1 
0.17966580390930176,10,60,36.0,0.1,60,1 
0.18651390075683594,10,60,36.0,0.1,60,1 
0.1944880485534668,10,60,36.0,0.1,3600,1 
0.25582098960876465,10,60,36.0,0.1,3600,1 
0.20032405853271484,10,60,36.0,0.1,3600,1 
0.18820881843566895,10,60,36.00000000000001,1,1,1 
0.1964430809020996,10,60,36.00000000000001,1,1,1 
0.2008509635925293,10,60,36.00000000000001,1,1,1 
0.1829366683959961,10,60,36.00000000000001,1,60,1 
0.19950413703918457,10,60,36.00000000000001,1,60,1 
0.2138819694519043,10,60,36.00000000000001,1,60,1 
0.19286298751831055,10,60,36.00000000000001,1,3600,1 
0.2012929916381836,10,60,36.00000000000001,1,3600,1 
0.19018101692199707,10,60,36.00000000000001,1,3600,1 
0.1911008358001709,10,60,36.0,0.001,60,1 
0.19694876670837402,10,60,36.0,0.001,60,1 
0.21198105812072754,10,60,36.0,0.001,60,1 
0.19281387329101562,10,60,36.0,0.001,60,1 
0.18871593475341797,10,60,36.0,0.001,60,1 
0.18096208572387695,10,60,36.0,0.001,60,1 
0.18749713897705078,10,60,36.0,0.001,60,1 
0.2478780746459961,10,60,36.0,0.001,60,1 
0.20755982398986816,10,60,36.0,0.001,60,1 
0.1691579818725586,10,60,36.0,0.001,60,1 
0.17842388153076172,10,60,36.0,0.001,60,1 
0.18060803413391113,10,60,36.0,0.001,60,1 
15.030680656433105,100,60,396.0,0.1,1,1 
5.07856297492981,100,60,396.0,0.1,1,1 
13.997696876525879,100,60,396.0,0.1,1,1 
13.126644134521484,100,60,396.0,0.1,1,1 
13.218174934387207,100,60,396.0,0.1,1,1 
21.869289875030518,100,60,396.0,0.1,1,1 
16.49229121208191,100,60,396.0,0.1,1,1 
15.64967393875122,100,60,396.0,0.1,1,1 
18.363744020462036,100,60,396.0,0.1,1,1 
15.136962175369263,100,60,396.0,0.1,1,1 
13.459450006484985,100,60,396.0,0.1,1,1 
16.431142807006836,100,60,396.0,0.1,1,1 
15.219262838363647,100,60,396.0,0.1,1,1 
14.79125714302063,100,60,396.0,0.1,60,1 
14.900938034057617,100,60,396.0,0.1,1,1 
14.86510419845581,100,60,396.0,0.1,1,1 
15.83045482635498,100,60,396.0,0.1,60,1 
17.089484214782715,100,60,396.0,0.1,1,1 
16.07124900817871,100,60,396.0,0.1,1,1 
10.428877830505371,100,60,396.0,0.1,1,1 
10.389604091644287,100,60,396.0,0.1,1,100 
10.397594213485718,100,60,396.0,0.1,1,100 
10.609906911849976,100,60,396.0,0.1,1,100 
10.664730072021484,100,60,396.0,0.1,1,100 
10.64159107208252,100,60,396.0,0.1,1,100 
0.3374929428100586,10,60,36.0,0.001,60,100 
10.84468412399292,100,60,396.0,0.1,1,100 
0.49617576599121094,10,60,36.0,0.001,60,100 
10.538143157958984,100,60,396.0,0.1,1,100 
0.3170130252838135,10,60,36.0,0.001,60,100 
11.273375034332275,100,60,396.0,0.1,1,100 
0.5853888988494873,10,60,36.0,0.001,60,100 
11.17709994316101,100,60,396.0,0.1,1,100 
0.3303837776184082,10,60,36.1,0.001,60,100 
10.718055963516235,100,60,405.99999999999994,0.1,1,100 
0.41557788848876953,10,60,36.1,0.001,60,100 
10.890838146209717,100,60,405.99999999999994,0.1,1,100 
10.886797666549683,100,60,405.99999999999994,0.1,1,100 
11.856740236282349,100,60,405.99999999999994,0.1,1,100 
11.791736841201782,100,60,406.0,0.1,60,100 
63.160550117492676,100,360,406.0,0.1,60,100 
274.3512740135193,100,1440,406.0,0.1,60,100 
3.3356499671936035,10,1440,36.099999999999994,0.1,60,100 
3.465181827545166,10,1440,100.10000000000001,0.1,60,100 
3.2098610401153564,10,1440,10.099999999999998,0.1,60,100 
0.27399277687072754,10,60,10.099999999999998,0.1,60,100 
0.30698680877685547,10,60,1.0999999999999996,0.1,60,100 
0.2969942092895508,10,60,1.1,0.1,60,100 
0.35080790519714355,10,60,0.6,0.1,60,100 
0.7330789566040039,10,60,0.6,0.1,60,100 
0.515740156173706,10,60,0.6,0.1,60,100 
0.31406092643737793,10,60,200.09999999999997,0.1,60,100 
0.30318212509155273,10,60,200.09999999999997,0.1,1,100 
0.2851369380950928,10,60,200.09999999999997,0.1,1,100 
0.4713871479034424,10,60,200.09999999999997,0.1,1,100 
0.4682188034057617,10,60,200.09999999999997,0.1,1,100 
0.2954251766204834,10,60,200.09999999999997,0.1,1,100 
0.4525570869445801,10,60,200.09999999999997,0.1,1,100 
0.34781479835510254,10,60,200.09999999999997,0.1,1,100 
0.4893038272857666,10,60,200.09999999999997,0.1,1,100 
0.05078291893005371,10,5,200.09999999999997,0.1,1,100 
0.4308340549468994,10,5,200.09999999999997,0.1,1,100 
0.28386998176574707,10,60,200.09999999999997,0.1,1,100 
0.5251820087432861,10,60,200.09999999999997,0.1,1,100 
0.4794590473175049,10,60,199.99999999999997,0.1,1,100 
0.5492238998413086,10,60,199.99999999999997,0.1,1,100 
0.4508018493652344,10,60,199.99999999999997,0.1,1,100 
0.45467591285705566,10,60,199.99999999999997,0.1,1,100 
0.5259659290313721,10,60,199.99999999999997,0.1,1,100 
0.529472827911377,10,60,199.99999999999997,0.1,1,100 
0.48779988288879395,10,60,199.99999999999997,0.1,1,100 
1.4736378192901611,10,60,199.99999999999997,0.1,1,100 
0.250762939453125,10,10,199.99999999999997,0.1,1,100 
0.1413860321044922,10,10,199.99999999999997,0.1,1,100 
0.15670204162597656,10,10,199.99999999999997,0.1,1,100 
0.14565181732177734,10,10,199.99999999999997,0.1,1,100 
0.20683860778808594,10,10,199.99999999999997,0.1,1,100 
0.17549395561218262,10,10,199.99999999999997,0.1,1,100 
0.04934501647949219,10,2,199.99999999999997,0.1,1,100 
0.10630202293395996,10,3,199.99999999999997,0.1,1,100 
1.946385145187378,10,100,199.99999999999997,0.1,1,100 
1.4027750492095947,10,100,199.99999999999997,0.1,1,100 
1.3774590492248535,10,100,1000.0,0.1,1,100 
1.7075631618499756,10,100,100.0,0.1,1,100 
1.2159640789031982,10,100,100.0,0.1,1,100 
1.5074238777160645,10,100,100.0,0.1,1,100 
0.0968468189239502,10,5,100.0,0.1,1,100 
0.08955121040344238,10,5,199.99999999999997,0.1,100,100 
1.7600560188293457,10,100,199.99999999999997,0.1,1,100 
1.3133609294891357,10,100,199.99999999999997,0.1,1,100 
0.03481006622314453,10,2,199.99999999999997,0.1,1,100 
0.07397818565368652,10,5,199.99999999999997,0.1,1,100 
0.0865471363067627,10,5,199.99999999999997,0.1,1,100 
1.7704079151153564,10,100,199.99999999999997,0.1,1,100 
1.2930569648742676,10,100,199.99999999999997,0.1,1,100 
1.350489854812622,10,100,50.0,0.1,1,100 
1.9022881984710693,10,100,100.0,0.1,1,100 
2.6387393474578857,10,200,100.0,0.1,1,100 
3.284677267074585,10,200,100.0,0.1,1,100 
0.9941051006317139,10,60,100.0,0.1,1,100 
0.8696179389953613,10,60,100.0,0.1,1,100 
1.0705640316009521,10,60,100.0,0.1,1,100 
1.5913569927215576,10,60,100.0,0.1,1,100 
1.7980890274047852,10,60,100.0,0.1,1,100 
1.0683162212371826,10,60,100.0,0.1,1,100 
0.05120587348937988,10,1,100.0,0.1,1,100 
0.043528079986572266,10,1,100.0,0.1,1,100 
0.043659210205078125,10,2,100.0,0.1,1,100 
0.07276535034179688,10,3,100.0,0.1,1,100 
0.06631994247436523,10,4,100.0,0.1,1,100 
0.22550511360168457,10,5,100.0,0.1,1,100 
0.1586761474609375,10,6,100.0,0.1,1,100 
0.13362884521484375,10,7,100.0,0.1,1,100 
0.13795781135559082,10,8,100.0,0.1,1,100 
0.21009087562561035,10,9,100.0,0.1,1,100 
0.21646595001220703,10,10,100.0,0.1,1,100 
0.21614837646484375,10,11,100.0,0.1,1,100 
0.26616597175598145,10,12,100.0,0.1,1,100 
0.3029799461364746,10,13,100.0,0.1,1,100 
17.5713951587677,10,1200,100.0,0.1,1,100 
17.61219811439514,10,1200,100.0,0.1,1,100 
16.12471604347229,10,1200,100.0,0.1,1,100 
16.343192100524902,10,1200,100.0,0.1,1,100 
16.372315883636475,10,1200,100.0,0.1,1,100 
1.4952468872070312,10,100,100.0,0.1,1,100 
1.632154941558838,10,100,100.0,0.1,1,100 
1.6503381729125977,10,100,100.0,0.1,1,100 
1.6423969268798828,10,100,100.0,0.1,1,100 
2.079981803894043,10,100,100.0,0.1,1,100 
1.7430520057678223,10,100,100.0,0.1,1,100 
0.1907198429107666,10,60,36.0,0.1,1,1 
0.1870429515838623,10,60,36.0,0.1,1,1 
0.18270015716552734,10,60,36.0,0.1,1,1 
0.17760372161865234,10,60,36.0,0.1,1,1 
0.1843242645263672,10,60,36.0,0.1,1,1 
0.18506503105163574,10,60,36.0,0.1,1,1 
0.18395113945007324,10,60,36.0,0.1,1,1 
0.2010350227355957,10,60,36.0,0.1,1,1 
0.19295406341552734,10,60,36.0,0.1,1,1 
0.06205105781555176,10,10,199.99999999999997,0.1,1,1 
2.012701988220215,10,100,100.0,0.1,1,100 
1.3445088863372803,10,100,100.0,0.1,1,100 
0.7504570484161377,20,100,4.0,0.1,60,1 
19.559483766555786,100,100,100.0,0.1,60,1 
19.711637020111084,100,100,500.0,0.1,60,1 
2.1090950965881348,10,100,100.0,0.1,1,100 
2.312406063079834,10,100,100.10000000000001,0.1,1,100 
10.113083124160767,10,720,100.0,0.1,1,100 
9.75548529624939,10,720,100.0,0.1,1,100 
9.725271940231323,10,720,0.0,0.1,1,100 
1.7896959781646729,10,720,0.0,0.1,1,100 
0.3497951030731201,10,60,36.0,0.001,60,100 
0.1644909381866455,10,60,36.0,0.001,60,100 
0.14858388900756836,10,60,36.0,0.001,60,100 
0.1669309139251709,10,60,36.0,0.001,60,100 
0.15137481689453125,10,60,36.0,0.001,60,100 
0.15683293342590332,10,60,36.0,0.001,60,100 
0.1497049331665039,10,60,36.0,0.001,60,100 
0.1526198387145996,10,60,36.0,0.001,60,100 
0.14893174171447754,10,60,36.0,0.001,60,100 
0.1914660930633545,10,60,36.0,0.001,60,100 
12.338373184204102,100,60,396.0,0.1,60,100 
14.10632586479187,100,60,396.0,0.1,60,100 
12.585675954818726,100,60,0.0,0.1,60,100 
0.3563539981842041,10,60,3600.0,0.001,60,100 
0.15934467315673828,10,60,3600.0,0.001,60,100 
0.15934300422668457,10,60,3600.0,0.001,60,100 
0.15634632110595703,10,60,3600.0,0.001,60,100 
0.14468908309936523,10,60,3600.0,0.001,60,100 
0.15500903129577637,10,60,3600.0,0.001,60,100 
0.1464991569519043,10,60,3600.0,0.001,60,100 
0.16047310829162598,10,60,3600.0,0.001,60,100 
0.16641998291015625,10,60,3600.0,0.001,60,100 
0.16131806373596191,10,60,3600.0,0.001,60,100 
12.25052285194397,100,60,0.0,0.1,60,100 
0.34986400604248047,10,60,3600.0,0.001,60,100 
0.14855575561523438,10,60,3600.0,0.001,60,100 
0.16112804412841797,10,60,3600.0,0.001,60,100 
0.15452814102172852,10,60,3600.0,0.001,60,100 
0.15056800842285156,10,60,3600.0,0.001,60,100 
0.1542520523071289,10,60,3600.0,0.001,60,100 
0.157027006149292,10,60,3600.0,0.001,60,100 
0.15361690521240234,10,60,3600.0,0.001,60,100 
0.15232396125793457,10,60,3600.0,0.001,60,100 
0.1622169017791748,10,60,3600.0,0.001,60,100 
152.10895371437073,100,720,0.0,0.1,60,100 
12.998100996017456,100,60,0.0,0.001,60,100 
1.884572982788086,10,720,3600.0,0.001,60,100 
1.7781949043273926,10,720,3600.0,0.001,60,100 
1.821786880493164,10,720,3600.0,0.001,60,100 
1.8374443054199219,10,720,3600.0,0.001,60,100 
1.7265009880065918,10,720,3610.0,0.001,60,100 
1.5900869369506836,10,720,3600.0,0.001,60,100 
1.5686967372894287,10,720,3600.0,0.001,60,100 
1.6395862102508545,10,720,3610.0,0.001,60,100 
1.480576753616333,10,720,3600.0,0.001,60,100 
1.466494083404541,10,720,3600.0,0.001,60,100 
1.4949939250946045,10,720,3600.0,0.001,60,100 
1.496790885925293,10,720,3600.0,0.001,60,100 
1.4862761497497559,10,720,3600.0,0.001,60,100 
1.7606432437896729,10,720,3600.0,0.001,60,100 
1.8104629516601562,10,720,3600.0,0.001,60,100 
1.6068089008331299,10,720,3600.0,0.001,60,100 
1.6253118515014648,10,720,3600.0,0.001,60,100 
1.5391359329223633,10,720,3600.0,0.001,60,100 
1.4775478839874268,10,720,3600.0,0.001,60,100 
1.4766490459442139,10,720,3600.0,0.001,60,100 
146.4542419910431,100,720,0.0,0.001,60,100 
148.49671864509583,100,720,0.0,0.001,60,100 
146.6340570449829,100,720,0.0,0.001,60,100 
147.75295519828796,100,720,0.0,0.001,60,100 
146.46664214134216,100,720,0.0,0.001,60,100 
5361.16247010231,100,720,0.0,0.001,60,100 
158.60811710357666,100,720,0.0,0.001,60,100 
164.54593110084534,100,720,0.0,0.001,60,100 
156.17507100105286,100,720,0.0,0.001,60,100 
172.64489078521729,100,720,0.0,0.001,60,100 
157.69544315338135,100,720,0.0,0.001,60,100 
170.54759287834167,100,720,0.0,0.1,60,100 
156.38555216789246,100,720,0.0,0.1,60,100 
154.80786204338074,100,720,0.0,0.1,60,100 
4.517863988876343,10,1440,3600.0,0.1,60,100 
12.993923902511597,100,60,0.0,0.1,60,100 
3.6222808361053467,10,1440,3600.0,0.1,60,100 
12.987582921981812,100,60,0.0,0.1,60,100 
14.420629978179932,100,60,0.0,0.1,60,100 
13.944967985153198,100,60,0.0,0.1,60,100 
12.888511180877686,100,60,0.0,0.1,60,100 
154.55149507522583,100,720,0.0,0.1,60,100 
157.461843252182,100,720,1000.0,0.1,60,100 
2.721879005432129,100,12,0.0,0.001,60,900 
2.5198001861572266,100,12,0.0,0.001,60,900 
2.932793140411377,100,12,0.0,0.001,60,900 
3.0870652198791504,100,12,9000.0,0.001,60,900 
2.99638295173645,100,12,0.0,0.001,60,900 
150.07710075378418,100,720,9000.0,0.001,60,900 
137.23601293563843,100,720,0.0,0.001,60,900 
138.1699390411377,100,720,0.0,0.001,60,900 
142.9797601699829,100,720,0.0,0.001,60,900 
142.5271611213684,100,720,0.0,0.001,60,900 
151.98570704460144,100,720,0.0,0.001,60,900 
144.5984649658203,100,720,0.0,0.001,60,900 
140.42136597633362,100,720,0.0,0.001,60,900 
138.9629099369049,100,720,0.0,0.001,60,900 
141.74739003181458,100,720,0.0,0.001,60,900 
153.3622817993164,100,720,0.0,0.001,60,900 
141.35204315185547,100,720,0.0,0.001,60,900 
139.7073781490326,100,720,0.0,0.001,60,900 
139.68796014785767,100,720,0.0,0.001,60,900 
138.8627109527588,100,720,0.0,0.001,60,900 
138.2010259628296,100,720,0.0,0.001,60,900 
140.7966148853302,100,720,0.0,0.001,60,900 
147.01270294189453,100,720,0.0,0.001,60,900 
148.2787070274353,100,720,0.0,0.001,60,900 
147.58167815208435,100,720,0.0,0.001,60,900 
147.91577219963074,100,720,0.0,0.001,60,900 
146.69177103042603,100,720,0.0,0.001,60,900 
146.72558903694153,100,720,0.0,0.001,60,900 
143.1712839603424,100,720,0.0,0.001,60,900 
139.85822796821594,100,720,0.0,0.001,60,900 
140.57060885429382,100,720,0.0,0.001,60,900 
140.12188386917114,100,720,0.0,0.001,60,900 
139.77955508232117,100,720,0.0,0.001,60,900 
142.55288195610046,100,720,0.0,0.001,60,900 
137.87400603294373,100,720,0.0,0.001,60,900 
135.2260401248932,100,720,0.0,0.001,60,900 
124.07451486587524,100,720,0.0,0.001,60,900 
123.38392400741577,100,720,0.0,0.001,60,900 
123.49940705299377,100,720,0.0,0.001,60,900 
123.3109393119812,100,720,0.0,0.001,60,900 
123.00863289833069,100,720,0.0,0.001,60,900 
123.1474380493164,100,720,0.0,0.001,60,900 
123.3826642036438,100,720,0.0,0.001,60,900 
123.18755197525024,100,720,0.0,0.001,60,900 
123.03968381881714,100,720,0.0,0.001,60,900 
124.04571890830994,100,720,0.0,0.001,60,900 
123.31519103050232,100,720,0.0,0.001,60,900 
122.9695360660553,100,720,0.0,0.001,60,900 
123.31281805038452,100,720,0.0,0.001,60,900 
122.8884379863739,100,720,0.0,0.001,60,900 
123.19887804985046,100,720,0.0,0.001,60,900 
123.20161294937134,100,720,0.0,0.001,60,900 
123.45377397537231,100,720,0.0,0.001,60,900 
123.06907606124878,100,720,0.0,0.001,60,900 
122.96544289588928,100,720,0.0,0.001,60,900 
124.83959913253784,100,720,0.0,0.001,60,900 
124.79107928276062,100,720,9000.0,0.001,60,900 
124.94552302360535,100,720,0.0,0.001,60,900 
124.72213506698608,100,720,0.0,0.001,60,900 
125.18477725982666,100,720,0.0,0.001,60,900 
125.42585706710815,100,720,0.0,0.001,60,900 
125.1546700000763,100,720,0.0,0.001,60,900 
126.27092289924622,100,720,9000.0,0.001,60,900 
125.66779208183289,100,720,0.0,0.001,60,900 
125.61419296264648,100,720,0.0,0.001,60,900 
126.0347261428833,100,720,0.0,0.001,60,900 
125.89707493782043,100,720,0.0,0.001,60,900 
126.29077935218811,100,720,0.0,0.001,60,900 
125.9745888710022,100,720,0.0,0.001,60,900 
126.56826710700989,100,720,0.0,0.001,60,900 
126.44440984725952,100,720,0.0,0.001,60,900 
127.22815179824829,100,720,0.0,0.001,60,900 
127.86950516700745,100,720,0.0,0.001,60,900 
127.30996608734131,100,720,9000.0,0.001,60,900 
127.93307185173035,100,720,0.0,0.001,60,900 
127.69913983345032,100,720,0.0,0.001,60,900 
127.95182180404663,100,720,0.0,0.001,60,900 
127.71425294876099,100,720,0.0,0.001,60,900 
128.06028819084167,100,720,9000.0,0.001,60,900 
128.49397921562195,100,720,0.0,0.001,60,900 
129.01213693618774,100,720,0.0,0.001,60,900 
128.7162890434265,100,720,0.0,0.001,60,900 
128.55623698234558,100,720,0.0,0.001,60,900 
129.04600191116333,100,720,0.0,0.001,60,900 
128.87884283065796,100,720,0.0,0.001,60,900 
128.6153919696808,100,720,0.0,0.001,60,900 
128.58043003082275,100,720,0.0,0.001,60,900 
129.39580082893372,100,720,0.0,0.001,60,900 
128.62926125526428,100,720,0.0,0.001,60,900 
128.2485110759735,100,720,0.0,0.001,60,900 
128.92800498008728,100,720,0.0,0.001,60,900 
128.53899121284485,100,720,0.0,0.001,60,900 
128.63385391235352,100,720,0.0,0.001,60,900 
128.4282009601593,100,720,0.0,0.001,60,900 
128.6808168888092,100,720,0.0,0.001,60,900 
129.0873680114746,100,720,0.0,0.001,60,900 
128.3022038936615,100,720,0.0,0.001,60,900 
129.0570011138916,100,720,0.0,0.001,60,900 
128.1253001689911,100,720,0.0,0.001,60,900 
128.60174226760864,100,720,0.0,0.001,60,900 
128.783784866333,100,720,0.0,0.001,60,900 
128.4159700870514,100,720,0.0,0.001,60,900 
128.66928696632385,100,720,0.0,0.001,60,900 
128.7304768562317,100,720,0.0,0.001,60,900 
128.69539308547974,100,720,0.0,0.001,60,900 
0.9899759292602539,10,60,3600.0,0.1,60,100 
3.8213391304016113,10,1440,3600.0,0.1,60,100 
0.1767880916595459,10,60,3600.0,0.1,60,100 
0.1911759376525879,10,60,3600.0,0.1,60,100 
0.16362786293029785,10,60,3600.0,0.1,60,100 
0.19581198692321777,10,60,3600.0,0.1,60,100 
4.264409780502319,10,1440,3600.0,0.1,60,100 
5.368017911911011,10,1440,3600.0,0.1,60,100 
4.116086006164551,10,1440,3600.0,0.1,60,100 
1.9365839958190918,100,10,42600.0,0.1,60,100 
0.0970468521118164,20,10,7600.0,0.1,60,100 
9.696071147918701,20,1000,7600.0,0.1,60,100 
0.5115838050842285,20,50,40000.0,0.1,60,100 
0.02611827850341797,20,2,40040.0,0.1,60,100 
0.02910304069519043,20,2,40039.999999999985,0.1,60,100 
0.03877520561218262,20,2,40040.0,0.1,60,100 
0.022200822830200195,20,2,399.99999999999994,0.1,60,100 
0.025346040725708008,20,2,399.99999999999994,0.1,60,100 
0.871476411819458,20,100,400.0,0.1,60,100 
0.9905309677124023,20,100,399.99999999999994,0.1,60,100 
1.1654689311981201,20,100,399.99999999999994,0.1,60,100 
0.8997018337249756,20,100,399.99999999999994,0.1,60,100 
0.9795839786529541,20,100,187200.0,0.1,60,100 
1.0895490646362305,20,100,18565759.999999996,0.1,60,100 
1.0213909149169922,20,100,18567359.99999998,0.1,60,100 
0.8525998592376709,20,100,399.99999999999994,0.1,60,100 
0.8532710075378418,20,100,399.99999999999994,0.1,60,100 
1.8637728691101074,30,100,900.0,0.1,60,100 
2.010538339614868,30,100,900.0,0.1,60,100 
1.7787120342254639,30,100,989.9999999999999,0.1,60,100 
1.8182470798492432,30,100,989.9999999999999,0.1,60,100 
2.992576837539673,40,100,1599.9999999999998,0.1,60,100 
3.0773282051086426,40,100,1599.9999999999995,0.1,60,100 
3.0131051540374756,40,100,1599.9999999999995,0.1,60,100 
2.919443130493164,40,100,1599.9999999999995,0.1,60,100 
3.456636905670166,40,100,1599.9999999999998,0.1,60,100 
3.156251907348633,40,100,1600.0,0.1,60,100 
3.2008631229400635,40,100,1599.9999999999998,0.1,60,100 
0.3331611156463623,40,10,1599.9999999999998,0.1,60,100 
3.344961643218994,40,100,1600.0,0.1,60,100 
35.36688423156738,40,1000,1600.0,0.1,60,100 
3.4193711280822754,40,100,1600.0,0.1,60,100 
3.5311810970306396,40,100,1600.0,0.1,60,100 
3.928809881210327,40,100,746559.9999999999,0.1,60,100 
3.394865036010742,40,100,1760.0000000000002,0.1,60,100 
3.8742339611053467,40,100,9760.0,0.1,60,100 
3.7473599910736084,40,100,7196.000000000001,0.1,60,100 
18.045202016830444,40,500,5916.0,0.1,60,100 
3.5188119411468506,40,100,7196.000000000001,0.1,60,100 
3.596547842025757,40,100,7356.0,0.1,60,100 
3.4943130016326904,40,100,7196.000000000001,0.1,60,100 
3.5271189212799072,40,100,8476.0,0.1,60,100 
3.6731770038604736,40,100,10556.0,0.1,60,100 
3.4223599433898926,40,100,5596.000000000001,0.1,60,100 
3.644434928894043,40,100,6876.000000000001,0.1,60,100 
0.8821671009063721,20,100,2076.0,0.1,60,100 
0.2606227397918701,10,100,405.99999999999994,0.1,60,100 
0.2886779308319092,10,100,396.0,0.1,60,100 
0.6074378490447998,15,100,1068.4999999999998,0.1,60,100 
0.1279139518737793,5,100,156.0,0.1,60,100 
0.28527307510375977,10,100,425.9999999999999,0.1,60,100 
0.3691840171813965,12,100,735.2,0.1,60,100 
0.3708000183105469,12,100,720.8000000000001,0.1,60,100 
0.34790802001953125,12,100,735.2,0.1,60,100 
0.35368871688842773,12,100,850.4,0.1,60,100 
0.9315929412841797,20,100,1996.0,0.1,60,100 
0.9453911781311035,20,100,1596.0,0.1,60,100 
